[19358.642482] [Project1] 7987 1588172294.80400317 1588172294.999161672
[19360.463447] [Project1] 7988 1588172295.913529608 1588172296.820131301
[19362.241057] [Project1] 7989 1588172297.723170591 1588172298.597747167
[19364.018353] [Project1] 7990 1588172299.454653054 1588172300.375048910
[19365.771297] [Project1] 7991 1588172301.272375125 1588172302.127997722
[19367.598474] [Project1] 7992 1588172303.13803090 1588172303.955181402
[19369.515960] [Project1] 7993 1588172304.895048477 1588172305.872673249
[19371.370504] [Project1] 7994 1588172306.786546147 1588172307.727222783
[19373.179476] [Project1] 7995 1588172308.629126776 1588172309.536200361
[19374.926314] [Project1] 7996 1588172310.378784042 1588172311.283042856
